Identifier -0.348616 -0.368753 -0.151945 -0.085054 0.537098 0.085834 -0.069566 0.254407 0.195170 -0.321852 -0.690390 -0.563958 -0.034193 0.191021 0.762808 0.150611 -0.383887 0.022059 -0.224749 0.489603
Separator_. -0.120901 -0.164223 -0.419881 0.042976 0.810473 0.149459 -0.818059 -0.216612 0.509894 0.084279 -1.608538 -0.170566 -0.322055 0.740183 0.816126 -0.007721 -1.297882 0.336141 -0.031634 0.513622
Separator_( 0.182999 0.965071 -0.256773 -0.659761 0.251938 -0.505003 -0.766152 0.005607 -0.195372 -0.104262 -0.063407 -0.341358 0.440193 -0.099600 -0.111515 -0.314713 -0.187684 0.258638 0.249437 -0.108592
Separator_) 0.174910 0.777307 -0.034613 -0.624327 0.166654 -0.336612 -0.695363 0.024764 -0.276803 -0.030174 -0.203022 -0.224347 0.373027 0.075010 -0.202235 -0.456390 -0.155498 0.449339 0.165269 0.026394
Separator_; -0.251263 -1.137757 0.252090 0.183264 -0.691861 -0.685161 0.150372 0.314120 0.144055 0.129229 -0.791793 -0.317828 -0.041157 0.735110 -0.159228 -0.465218 -0.136706 0.170243 -0.730934 0.044350
Separator_, 1.464597 0.493465 -0.950445 -0.074775 0.966233 -0.595072 -0.961358 -1.831920 -0.872079 0.201795 0.020354 0.773979 0.239610 -0.392860 0.155840 0.114605 0.863047 0.107272 0.210691 0.112636
Separator_{ -0.374845 0.193303 -0.283310 -0.601498 0.121140 -1.204494 0.143104 -0.346546 -0.422794 -0.076016 -0.788758 -0.285695 0.818541 -0.244369 0.417242 -0.566101 -0.712583 0.211713 0.154272 0.660668
Separator_} -0.156558 -1.150860 0.341734 -0.564881 -0.555480 -1.322635 -0.282602 0.321665 -0.415653 0.404428 -0.880984 -0.669265 0.692025 0.715515 -0.654801 -0.721844 -0.176036 0.188648 -0.633052 -0.011528
Operator_= 0.378387 0.203247 -0.172275 0.597996 -0.136874 -0.283652 0.342808 -0.368511 -0.088306 -0.452761 0.107592 0.656201 -0.087779 -0.367965 0.206167 -0.301480 0.351862 -0.088620 0.283520 -0.041170
String 1.286391 0.582898 0.098413 0.105902 -0.181134 -0.289317 -1.649592 -1.060554 -0.484293 -0.280786 -0.755240 0.607106 -0.392326 0.072224 -0.431713 -0.503989 -0.113827 1.010744 -0.271917 1.079319
DecimalInteger 0.419604 0.600830 -0.160349 -0.028560 -0.826857 1.619045 -0.055580 -0.149969 0.278049 -0.022284 0.711161 0.725804 -0.791646 -0.366034 -0.576825 -0.191781 0.157995 0.329215 0.017558 -0.807370
Modifier_public 0.904856 -2.407085 0.200499 0.551000 0.416969 -1.178041 -1.413351 1.169450 -1.316671 -0.340981 -0.565810 -1.434310 0.860335 -0.575507 -1.223779 1.533280 0.762808 -0.464654 0.468831 0.604248
Keyword_import -0.475283 -5.456029 -0.177350 9.566415 1.055197 -0.330669 1.670231 0.314372 5.550908 -1.061985 -4.195480 -1.637261 -5.770601 3.392758 6.611038 1.264144 0.274036 -1.690356 -2.582976 0.397324
Keyword_return 0.664341 0.568630 0.438381 -1.398612 -1.142320 -0.689034 -0.314690 0.157829 -0.763953 -0.419519 -0.403716 0.247172 1.115542 0.567216 -0.560655 -0.524006 -0.169067 0.415244 -0.054889 0.218143
Keyword_new 1.687298 1.224747 -0.096538 0.586953 -0.414475 -0.703841 0.599539 -1.766696 -0.807746 -1.193368 0.189381 1.422024 0.203824 -0.518573 0.890281 -0.374637 0.392456 0.772078 1.659914 1.010294
Keyword_if -0.887893 2.351155 -0.027919 -1.432550 -0.101286 -0.058936 -0.107206 -0.128484 0.895916 0.226960 -0.344054 -0.693685 -0.540548 0.470493 0.538388 -1.422610 -1.671265 0.608136 0.010353 -0.644500
Operator_+ 1.992367 -0.202264 0.087579 0.010564 0.082593 0.983021 -1.029791 -1.287706 0.487031 0.010693 -0.460107 1.067504 -0.544777 0.966423 0.043885 -0.553942 -0.227354 0.467194 1.107129 -1.371969
BasicType_int -0.466386 -0.679252 -0.259069 1.423972 -0.495341 -1.017539 1.029667 -0.003140 0.074661 -0.214708 0.576018 -0.074841 0.116490 -0.668791 -0.039930 0.103726 0.675091 -0.665139 0.130471 -0.348001
Null 0.067902 2.028456 0.667608 -0.537601 -0.254560 -1.404916 -0.489837 1.069383 -0.210791 -1.116070 -1.589739 0.999095 0.769979 0.649444 0.887745 -0.470099 -0.046525 0.404250 -0.535360 0.839716
Separator_[ 0.172829 0.324945 -0.482487 0.811413 -0.835182 -0.322955 0.963824 0.283310 0.565398 -0.743382 1.352380 -0.135996 0.154810 -0.576866 -0.182236 0.533460 -0.663966 -0.363889 2.045364 -0.753556
Separator_] 0.374893 0.301579 -0.541561 0.462157 -0.829762 -0.058085 0.764533 0.163388 0.532051 -0.582407 1.347593 -0.218641 0.135135 -0.264057 -0.094070 0.199872 -0.618691 -0.139779 1.841014 -0.989161
Keyword_void -0.470265 -1.536467 0.581532 -0.581459 0.077484 -2.092433 0.092418 1.099474 -1.214309 -0.231464 -0.313258 -1.175460 1.045537 -1.373386 -0.212674 0.716768 0.995645 -0.396914 -0.083472 0.073728
Operator_< 0.163865 0.173002 -0.176643 -1.067890 0.953449 0.781785 0.161580 -0.031159 -0.469623 -1.148010 -0.089683 -0.150108 -0.508194 -1.902789 1.013302 1.539399 0.328292 -0.241829 -0.293380 0.952007
Modifier_final 0.717201 -0.496564 -0.424470 0.881761 0.564202 -1.882531 -0.112730 -0.877515 -0.515963 -0.402006 0.821347 -1.143319 0.029455 -0.917529 -0.714258 0.127886 1.132440 -0.541032 0.683913 0.116554
Operator_> -0.012467 0.512202 -1.158378 -0.898511 1.034755 1.486670 0.437003 0.000238 -0.328918 -0.935915 0.702502 -0.098241 0.303806 -1.029581 1.296673 1.748702 0.564116 -0.681660 -0.489990 0.540836
Keyword_this 0.185035 0.606702 0.620912 -1.233195 0.400288 -0.081690 -0.019081 0.087424 0.017878 -0.139065 -0.659767 0.727468 0.591271 0.896987 1.105310 -0.465148 -0.517994 -0.010568 0.344392 -0.534173
Modifier_private 1.158721 -1.610439 0.600369 1.303762 -0.310662 -1.209675 -0.588730 1.343721 -1.267224 -0.920318 0.120968 -0.147812 0.531819 -1.126309 -0.998934 1.887107 1.979486 -0.685419 0.539299 -0.022033
Modifier_static 0.564185 -1.662372 0.062759 2.512078 0.622898 -1.349458 -0.869718 0.166322 -0.546885 -0.625683 -0.090639 -0.733514 -0.195143 -1.534432 -1.172585 1.164406 1.768169 -0.884627 0.422228 0.047000
Boolean -0.149596 0.586634 0.775962 -0.499885 -1.044610 -1.505929 -0.177414 0.955239 -0.470494 -0.497985 -1.164606 0.768442 0.491188 0.466646 0.055680 -0.849061 0.296887 0.465712 -1.349916 0.645749
Annotation 0.813879 -2.191841 0.631542 -0.045216 -0.341138 -0.832263 -0.715099 1.041150 -1.342619 -0.561116 -1.154055 -0.005001 0.857268 -0.262954 -0.560285 1.673909 0.662124 -0.095977 -0.366901 1.139500
Operator_== 0.035824 2.417635 0.963858 -0.032787 -0.373282 0.445692 -1.037050 0.800642 0.711368 -0.251859 -0.602151 0.777378 -0.342648 0.914064 0.104614 -0.703148 -1.302433 0.831552 0.791570 0.054290
Keyword_class 0.378808 -0.680065 -0.208927 0.800243 0.762986 -2.364448 -1.547821 -0.332300 0.077751 -0.375592 -1.626352 -0.580497 -0.415085 0.132397 -0.714003 1.413930 -0.862400 -0.229847 -0.015143 2.014192
Operator_: 0.003691 1.465038 -0.468199 -0.371111 -1.797243 0.378531 1.126506 -0.877717 0.309260 -0.019612 0.035573 1.695901 -0.134020 1.421786 -0.522456 -0.356022 0.063087 0.525910 -1.873774 1.040467
Operator_!= -0.272395 2.487090 0.838481 -0.931858 -0.284603 0.264489 -0.862572 1.032580 0.471268 0.054507 -0.312551 0.079825 0.051659 0.858606 -0.174448 -0.786237 -0.653299 0.269868 -0.211719 -0.630136
Keyword_throws -0.396207 -0.441154 -0.135901 -2.403252 1.947189 -3.078836 1.106765 -1.278755 -2.543452 -0.219296 -0.310659 -2.253883 2.846704 -2.418431 2.466385 -1.746060 1.245746 0.327492 1.338115 0.012625
BasicType_boolean -0.669401 -0.091492 0.649723 0.413228 -0.614300 -2.117283 0.456375 1.144597 -0.573085 -0.795339 -0.626195 0.065142 0.627744 -0.996317 -0.007802 0.441038 0.738288 -0.304227 -0.473056 0.761425
Keyword_else -0.011860 1.256719 0.967706 -1.609844 -0.217534 -0.516671 0.517098 -0.784459 0.166123 1.009065 0.433201 -0.311774 -0.079589 1.183743 0.398962 -1.286169 -1.643721 0.156673 0.722317 -0.211362
Operator_- 0.983359 0.078064 0.508683 -0.131937 -0.202826 1.265699 -0.105103 -0.584295 0.431281 -0.043755 -0.320261 1.517145 -0.961632 -0.143596 0.073258 -0.450354 0.565645 0.079609 0.349821 -1.687668
HexInteger 0.673350 0.798127 -0.982182 1.905051 -0.710964 2.236248 -0.578260 0.071851 -0.470587 0.938104 2.140833 0.443240 0.636063 0.273720 -2.014736 -0.464376 0.208863 0.521924 1.029125 -0.370908
Keyword_for -0.345951 0.642643 -0.711363 -0.091775 -0.307059 -0.619368 1.586900 -0.851984 0.671135 -0.030111 0.212902 0.139788 -0.803483 -0.256781 0.859780 -0.746793 -0.128043 -0.234794 -0.809089 -0.770065
Modifier_protected 1.256464 -2.055719 1.092356 0.275659 -0.526524 -1.368012 -0.362941 1.781732 -1.787767 -0.978494 -0.046933 -0.146784 1.445775 -0.503020 -0.499880 2.412985 1.555781 -0.489765 0.895495 0.593516
Keyword_package -2.152617 -4.432472 1.384752 3.705112 4.375637 2.416032 -0.004710 -1.197748 0.446726 1.182810 -2.609373 -1.948212 -0.536584 2.470116 2.238196 -1.430645 -2.726735 1.177849 0.473148 6.269815
Keyword_case -0.437254 0.661428 -1.677904 1.093102 -2.757865 0.672220 1.772062 -2.316832 0.858467 1.689749 -0.377454 1.205645 -0.748081 1.991387 -1.351170 -1.932922 -1.641347 1.613213 -1.854734 1.652205
DecimalFloatingPoint 2.205874 -0.546095 1.165257 -1.852761 -0.548991 0.454521 -0.453359 -1.445549 0.654546 -0.063792 -0.687809 1.820084 -2.685045 -0.378888 -0.101306 0.736392 0.570112 -0.110488 0.079575 -2.296358
Operator_&& 0.021944 3.960031 1.088441 -0.905937 0.818321 1.544846 -2.463674 1.105238 1.208691 -1.238760 -0.638730 0.475190 -0.805815 -0.284633 0.466878 0.327958 -1.996164 0.009458 0.749675 -0.517513
Operator_! -0.828074 3.020179 0.486104 -1.254367 0.278761 -0.422517 -0.711013 1.001833 0.724928 -0.537422 -1.234335 0.260127 -0.043147 0.502307 1.179508 -0.812907 -1.701471 0.560388 -0.654452 0.414192
Keyword_catch 2.755706 0.166525 -1.050075 -2.473984 0.343539 0.630133 -1.726784 -1.231350 0.965162 -0.584024 -0.018214 -3.195893 -0.338654 2.870711 -0.574746 -4.448747 -0.927910 1.364758 -0.906630 -0.288523
Keyword_try -1.056854 1.481674 -0.568605 -0.398010 0.689846 -1.790747 0.988001 -1.049091 0.158869 -0.047726 -0.964806 -0.368336 0.081358 -0.494302 1.543265 -1.886809 -0.186260 0.108579 -0.632134 -0.047578
Operator_++ -0.671536 0.284892 -0.311911 -0.479689 -1.108279 0.735537 0.980127 0.394960 0.497700 -0.220439 0.747023 -0.537330 -0.175204 -0.573812 0.070512 -1.321143 -1.028815 0.730835 0.672364 -0.839360
Keyword_throw 0.956102 1.558830 1.127849 -1.762010 -0.919130 0.001650 -1.072066 -1.435523 -1.236825 -0.455595 -0.806581 0.428763 0.853603 0.578490 -0.455065 -1.450222 0.077770 2.133427 1.383830 1.476695
Keyword_extends -1.132514 -0.703042 -3.095176 0.169956 1.621667 -2.622120 0.255934 -0.252762 -0.697417 0.122420 0.313344 -0.399917 -0.122922 -1.374932 -0.796677 5.937078 -0.652493 -2.881959 -1.988381 3.161018
Operator_* 0.967882 -1.954675 -0.835661 -0.092507 -0.421678 1.192346 -0.420878 -0.700901 1.318193 0.305900 -0.489635 0.397126 -2.226653 -0.170460 -0.502494 1.442237 -1.028493 -0.178991 0.398358 -1.452129
BasicType_long -0.128202 -0.771286 -0.200266 1.290807 0.181357 -0.647115 0.634342 0.163715 -0.199210 -0.366110 0.842454 -0.749331 0.510071 -0.548350 -0.065573 0.303130 0.811913 -0.778915 0.679556 -0.233951
Keyword_super 0.513280 0.881173 -0.073345 -1.758047 0.441048 -0.801972 -0.009381 -0.029941 -0.992523 -0.554749 -0.344037 0.648580 1.169159 0.302469 1.146805 0.564497 -0.172854 -0.003152 -0.151090 0.857548
Operator_? 0.799236 2.018307 0.441854 -1.306241 0.317044 1.102775 0.079659 -0.072249 -0.142178 -1.435246 0.028334 0.969866 0.397608 0.070392 0.845779 2.476691 0.753715 -1.145114 -0.641436 1.050198
BasicType_byte 0.158638 0.604920 -0.792089 1.810347 -0.067867 -0.307024 0.420168 -0.151884 -0.281517 -0.267640 1.765514 -0.423244 0.605493 -0.995060 -0.607310 0.189226 0.517790 -0.354718 1.391126 0.011532
Keyword_instanceof -0.195716 3.628319 0.966781 -1.319716 -1.005287 -2.284472 0.318770 0.571481 0.622713 -1.212533 -0.216909 -0.513897 0.217434 0.537979 0.449830 -0.359918 -1.817861 0.101481 1.133030 0.758826
Operator_|| 0.169007 4.252954 1.640365 -0.417542 1.152333 1.087834 -3.135406 0.745193 1.416745 -0.844805 -0.338045 0.082707 -1.414734 0.018440 -0.381830 1.159333 -1.899076 -0.368925 0.993843 -0.079316
Keyword_break 0.152983 -0.195127 0.048671 -1.236225 -2.246318 0.535388 0.298559 -0.621536 -0.498802 0.782590 -0.103186 0.174241 0.194714 1.141650 -1.195333 -2.092581 -0.655644 1.940557 -0.927143 0.799601
BasicType_double 0.687235 -1.474323 0.873623 -0.295535 -0.623767 -1.700882 1.036192 -0.818677 0.704495 -0.526913 -0.337804 0.104024 -1.372818 -0.783020 0.242897 0.956769 0.022119 -0.843630 1.092298 -1.237764
BasicType_float 1.064182 -1.122060 1.116039 -0.246257 -0.566808 -1.627943 1.007530 -0.944055 0.634952 -0.300605 0.037279 0.226583 -1.325176 -0.202814 0.009161 1.347807 0.221354 -0.995926 1.288059 -1.203747
Keyword_implements -2.866582 -2.602267 -1.888895 2.434591 2.291654 -2.928351 -0.840423 -1.093074 -0.642031 0.995304 -0.124259 0.963269 -1.647066 -2.526677 -0.491137 5.703066 0.650610 -1.806823 -0.410025 3.157420
Keyword_while -2.407373 1.215739 -0.408199 0.132044 0.305702 0.544907 0.925662 0.018173 1.088791 0.373968 -0.745705 0.266567 -1.249577 -1.692358 1.171402 -2.520040 -1.129268 1.068795 -1.372216 -0.822297
Operator_+= 0.735774 -0.340256 -0.344800 -1.418259 -1.163476 1.374657 0.735256 -0.135528 0.439288 0.099277 0.704216 0.369469 -0.056672 0.742963 0.145639 -1.274014 -0.695307 0.314733 -0.053779 -1.895677
Operator_/ 1.069134 -1.260123 -0.091792 -0.966353 -0.056894 1.740106 0.200672 -1.290128 0.809122 -0.010938 0.340112 0.607844 -2.035232 -0.229249 0.093341 0.622401 -0.004621 -0.173847 0.184886 -1.654900
Operator_>= -0.372355 0.851049 0.899320 -1.063549 -1.472182 2.405967 -0.852511 0.743026 -0.227914 -0.230876 -0.180264 0.955807 -1.121351 -1.926405 -0.301490 -1.948335 -0.561077 2.729147 0.339847 -0.566310
Operator_& -1.113741 1.035141 -0.497311 0.922416 0.464780 2.589109 -0.061501 1.010014 0.844332 1.453968 1.915425 0.809289 0.164247 0.872919 -0.881889 0.300559 -0.352362 -0.501124 -0.017209 -1.326390
BasicType_char -0.212403 -0.078558 -0.843936 1.549175 -1.051340 -1.063327 0.845336 -0.293064 -0.001730 -0.576866 0.883992 -0.393862 0.340767 -1.132940 -0.480155 -0.387644 -0.526557 0.338258 1.255852 0.429059
Keyword_finally 0.078613 0.167927 -0.254485 -2.083018 2.137595 -1.315507 -0.825516 -0.402531 -0.781747 1.163944 -1.934057 -2.357522 1.775437 0.822901 1.221652 -3.385981 0.115907 0.553430 -0.605593 -1.071807
Modifier_abstract 0.561285 -3.520140 -0.101977 0.153688 -0.799905 -0.930650 -0.775134 2.089758 -1.000031 -1.076251 -0.787137 -1.583141 0.875204 -0.849508 -1.015457 3.687593 -0.811621 -0.237033 1.193317 2.028625
Keyword_switch -1.673665 0.980870 0.185571 1.178280 -0.327664 -0.381949 1.687372 -0.967750 0.855844 1.523546 -0.007988 1.391990 -1.000651 0.876519 0.781453 -1.775797 -0.963008 1.081597 -0.705466 0.469326
Operator_<= 0.413617 1.242658 1.143187 -0.889998 -1.460333 2.500793 -1.170229 0.887824 -0.272003 -0.424393 -0.077070 1.148507 -1.097868 -2.014983 -0.393428 -2.097481 -0.239109 2.407544 0.483203 -1.291190
Modifier_synchronized -0.980649 -0.371546 0.924499 -0.573594 -0.064585 -2.258362 0.338620 1.087537 -0.447018 -0.178151 -0.349804 -1.362953 0.506626 -0.604321 -0.196387 -0.578792 0.817823 -0.704788 -0.753318 -0.465779
Keyword_interface -0.720541 -2.876472 -0.455175 -0.276634 1.178244 -0.667777 -1.361777 -0.034291 -0.680159 0.234783 -1.485927 -1.464426 0.195920 -1.483053 -0.801580 2.558769 -0.360324 -0.036845 0.410595 2.310572
Operator_-- -1.131956 0.212132 0.093369 -1.632347 -1.121154 1.035020 0.472979 0.605899 0.193943 -0.075750 0.223978 -0.878742 0.182783 -0.476527 -0.138429 -1.866417 -1.072055 1.043061 0.055977 -0.780689
BasicType_short 0.434811 0.060208 0.162337 1.798648 0.204265 -1.296314 -0.068702 -0.339702 -0.244245 0.569080 1.084682 -0.122266 0.504098 0.191009 -1.096212 0.223352 0.600176 -0.481728 1.332559 -0.174298
Operator_| 0.215515 1.054863 -1.926134 1.052368 0.582542 2.563806 -0.676701 0.318852 0.104196 0.747852 1.771204 -0.394412 1.412567 1.844959 -0.999718 0.011014 0.408237 -0.325523 -0.490355 -0.266243
Keyword_continue -0.179367 1.593639 -0.014857 -1.180464 -1.168942 -0.740567 0.646597 -0.439994 0.344231 0.496019 0.404938 -0.286210 -0.391092 0.314793 -0.275989 -1.917841 -1.727052 0.926962 -0.107662 0.133349
Modifier_default 0.108881 -0.273119 -0.336771 -0.011378 -2.371883 0.370230 0.621167 -0.569974 -0.170408 0.074414 -1.259661 1.335824 0.266625 1.364915 -0.379529 -0.812680 -0.573615 1.901696 -0.975580 1.701843
Operator_<< -0.142286 -0.568445 -0.932771 1.558726 0.054468 2.941820 0.213583 0.326212 0.510648 1.111489 2.133516 0.549154 0.075526 0.845174 -1.092862 0.126866 0.375829 -0.184251 0.169757 -1.153010
Keyword_assert -0.743938 1.636915 1.317363 -1.814607 -0.148243 -0.238535 -0.447460 0.061979 0.449490 -0.132178 -0.254476 -0.264776 -0.494529 0.196211 -0.154953 -0.836014 -0.490401 0.706661 -0.643052 0.172041
Operator_... 0.327927 0.357293 -1.041106 -3.435852 1.810021 -3.513101 2.244298 -2.496685 -1.687949 -0.337711 0.495780 -2.221906 3.059484 -0.910254 1.708462 0.890680 0.759303 -1.291636 1.153432 0.072197
Operator_% -0.485061 -0.296021 0.444131 -0.297163 -0.191510 2.305463 0.099732 0.202175 1.548624 0.528635 0.829501 0.146432 -1.846563 0.347687 -0.207901 0.637741 -1.687487 -0.092089 0.266903 -0.749476
Modifier_native -0.058588 -0.711916 0.472686 -0.526123 -0.016354 -3.082848 -0.233052 2.028813 -1.108583 -0.460343 1.759146 -3.823103 0.519945 -1.975824 -2.795242 0.597809 2.896829 -1.823430 -1.079065 -1.996657
Operator_|= -0.680417 0.892049 0.138000 -0.980095 -0.374678 2.081448 0.395214 0.664943 0.100701 1.113488 2.066275 -0.654557 1.314220 1.904177 -0.837316 -0.210995 -0.750082 -0.274202 -0.006003 -0.238824
Operator_-= 0.238791 -1.001571 -0.104787 -1.976208 -1.339449 1.704500 1.053118 0.445020 0.569159 0.126605 0.635219 0.204223 -0.223447 0.307053 0.278386 -1.241585 -0.752101 0.226843 -0.070630 -2.678574
Operator_^ 0.683201 0.741792 -2.002705 1.222431 0.525853 2.608706 -0.175687 2.183568 1.373919 -1.213575 0.183044 2.068140 2.287785 2.208415 1.280685 0.529329 -0.830653 -0.842444 0.287301 -2.279261
Keyword_enum 0.164112 -1.810293 -0.751027 1.464713 0.986360 0.277151 -2.058525 -0.312284 -0.843986 -0.066210 -1.767793 0.112755 -0.375704 -1.522603 -1.636716 1.169673 0.975312 -0.300150 -1.873222 1.996835
Keyword_do -2.884621 1.299582 0.029584 0.511791 0.203539 -0.020386 2.476710 -1.007473 1.417680 1.313742 0.430086 1.072991 -0.936238 -0.818873 1.140132 -2.251347 0.349536 0.065322 -1.440379 -1.340910
Modifier_transient 0.812968 -1.565702 1.228883 3.832219 0.235293 -1.106481 1.593453 0.596716 -0.829724 -2.736241 -0.133556 2.539943 -0.116370 -1.441901 1.188284 2.952540 3.999514 -0.548362 0.229399 0.579728
HexFloatingPoint 0.573160 -0.769589 2.149735 0.545859 7.807509 -1.115282 0.788661 -1.122918 0.812126 3.615123 -5.004369 2.611567 4.149777 1.373752 4.086856 -2.068604 3.255446 -0.927082 2.538290 -8.049105
Operator_*= 1.186275 -1.099023 0.347028 -2.608689 -1.964963 0.747082 1.922969 -0.096957 0.745368 0.057901 0.576678 0.418037 -0.388298 0.833358 0.223641 -0.828105 -0.870826 -0.134479 0.627683 -3.143044
Modifier_volatile 0.390575 -1.188310 1.341017 4.065032 0.238061 -1.220943 0.528725 1.573167 -0.632469 -2.478315 -0.534534 2.277759 -0.550754 -1.884894 0.643882 2.867916 3.703858 -0.828985 -0.216953 0.392112
Operator_~ -0.647568 0.703837 0.169634 0.649577 0.636702 1.703587 -0.140560 1.204369 0.039599 1.932146 1.821319 0.412513 1.639868 2.624024 -0.890388 -0.474686 0.193869 -0.808870 -0.216523 -1.207807
Operator_&= -0.542391 1.879806 0.433973 -1.013331 0.593110 1.400923 -0.149328 1.139236 -0.121597 1.613587 1.774551 -0.247323 2.266192 2.778404 -0.330677 -1.015908 -0.492908 -0.697832 0.048304 -1.137239
OctalInteger -0.548785 1.481092 0.934841 1.708342 1.897236 1.117382 -1.208346 -0.890923 -0.346602 2.664955 1.890216 1.984845 -0.803316 0.288155 -1.931740 -0.765315 2.367305 -0.375372 -0.937872 -0.872950
Operator_^= 0.196792 0.030895 -1.387135 -1.044395 -1.366497 2.628813 1.758788 1.724460 0.605401 -0.600508 1.661850 0.491341 2.282528 1.969275 0.590875 -0.288322 -0.836750 -0.381095 0.572945 -2.301114
Operator_/= -0.441803 -1.077145 1.510169 -2.049861 -1.341877 0.615719 1.584647 -0.565511 1.567578 0.528960 1.191361 -0.630666 -1.967988 0.528493 -0.215194 0.271335 -1.597653 -0.605609 0.583666 -1.786029
Operator_<<= -0.941180 -0.084613 0.628590 -2.241557 -1.958058 3.180906 2.192757 0.673357 -0.746486 0.988140 2.707338 -0.537264 0.588077 -0.297092 0.094149 -1.943542 -0.017973 0.930268 -0.110041 -1.072846
Operator_>>= -1.228182 0.164421 0.990691 -1.302445 -1.515859 2.087956 1.644939 0.452023 -0.400841 1.310752 2.814404 -0.458734 0.297716 -0.133621 -0.684724 -1.814525 0.325670 0.336649 0.101226 -1.720105
Operator_>>>= -0.680366 0.985214 -0.435297 -0.822178 -2.042354 2.994545 1.197589 1.852141 -0.725075 0.392556 2.016646 0.124525 1.186560 -1.194637 -1.244068 -2.712926 0.505992 1.324738 0.160218 -2.896724
Operator_-> -3.159791 -0.730733 0.615817 -0.931194 1.971631 4.679132 3.756015 -3.013907 -0.658105 3.737279 1.389567 2.364260 0.324452 -0.755345 1.758309 -2.996756 1.258697 1.011037 -0.816375 1.392941
Operator_%= -0.835590 -2.371240 0.372727 -1.581900 0.142218 2.396356 1.300187 0.054989 0.969745 0.540490 1.928836 -1.048304 -1.473385 0.119036 0.809886 0.664589 -1.480279 -0.463548 -0.531618 0.131184
Keyword_goto -3.366393 1.724110 4.664313 -1.244760 -0.693693 -0.732929 1.512456 1.635036 0.454481 1.457817 1.106829 1.306434 -2.807969 0.073187 -0.753003 -2.359257 2.895439 0.277187 -4.224908 -0.849272
Operator_:: -0.628719 -4.467797 1.557337 -1.956183 0.308564 2.341809 2.356350 -1.186577 -0.134441 -2.293654 4.040893 -0.680636 -1.305868 0.823761 2.320331 -0.440981 -0.496570 1.020244 0.268940 3.102821
BinaryInteger -0.634180 -0.695272 2.634350 -1.339178 1.891448 2.590519 1.086120 -1.361355 -1.841068 3.734110 2.355372 1.428990 0.766033 0.769532 -0.068183 -1.900742 2.622493 0.491721 -0.070975 -1.086584
Modifier_strictfp -0.672199 -1.057610 -1.077635 -0.887962 -0.687122 -3.637197 0.907135 -1.211929 1.838480 -0.731058 0.532262 -3.056976 -1.955621 -1.249547 -2.071766 2.191878 -1.929728 -3.242830 -0.200437 0.253745
Keyword_const 2.032239 -0.566573 -1.795222 1.470984 -3.128995 0.352202 1.816459 -2.647212 0.253050 0.231991 2.310372 -0.222542 -2.008160 -1.633834 -3.535390 1.165190 -2.432666 0.403823 4.596420 2.290677
<unk> -0.061822 -0.000533 0.140346 -0.107158 -0.054382 0.119042 0.244709 -0.038867 0.055927 0.041715 0.190202 0.049270 -0.053897 -0.005925 0.016474 -0.112724 -0.019643 0.021250 0.067792 -0.150464
